1 0 0 0 0 -2.8213e-7 -1 -3.11765e-7 0 1 -2.8213e-7 1.10504 0 0 0 1 0.9985791 0.02372014 -0.04771959 -0.006678 -0.04586337 -0.07344658 -0.996244 -0.3384783 -0.02713589 0.997017 -0.07225433 1.137192 0 0 0 1 0.9802237 0.03966789 -0.1938763 -0.004179 -0.189104 -0.1009637 -0.9767528 -0.7159323 -0.0583202 0.994099 -0.09146566 1.156666 0 0 0 1 0.9822883 0.05723252 -0.1784213 -0.012684 -0.1734024 -0.08316413 -0.9813335 -1.165122 -0.07100244 0.994891 -0.0717669 1.245944 0 0 0 1 0.9968935 -0.05537619 -0.05600797 -0.027713 -0.05587031 0.004032091 -0.9984299 -1.562421 0.05551507 0.9984574 9.2568e-4 1.148588 0 0 0 1 0.9997742 -0.02057938 -0.005288034 -0.041146 -0.006063242 -0.03779093 -0.9992673 -2.002168 0.02036447 0.9990737 -0.03790718 1.210971 0 0 0 1 0.9962686 -0.08392932 0.02011853 -0.044387 0.01875767 -0.01697155 -0.99968 -2.479506 0.08424392 0.9963272 -0.01533391 1.268574 0 0 0 1 0.9864572 0.09331182 -0.134889 -0.037863 -0.1380288 0.02802561 -0.9900316 -2.894836 -0.0886013 0.9952424 0.04052578 1.161887 0 0 0 1 0.9897991 0.01638361 -0.1415248 -0.026621 -0.1417824 0.01579884 -0.9897718 -3.347827 -0.01398011 0.999741 0.01796059 1.24994 0 0 0 1 0.986952 0.08794638 -0.1348748 -0.027692 -0.1377142 0.0270315 -0.9901031 -3.830428 -0.08343011 0.9957584 0.03879026 1.287264 0 0 0 1
-0.6608454 0.5695683 -0.4887492 -2.98023e-8 -0.4695844 -0.8217838 -0.3227412 0 -0.5854691 0.01622701 0.8105327 2.38419e-7 0 0 0 1 -0.6608454 0.5695683 -0.4887492 -2.98023e-8 -0.4695844 -0.8217838 -0.3227412 0 -0.5854691 0.01622701 0.8105327 2.38419e-7 0 0 0 1 -0.6608454 0.5695683 -0.4887492 -2.98023e-8 -0.4695844 -0.8217838 -0.3227412 0 -0.5854691 0.01622701 0.8105327 2.38419e-7 0 0 0 1 -0.6608454 0.5695683 -0.4887492 -2.98023e-8 -0.4695844 -0.8217838 -0.3227412 0 -0.5854691 0.01622701 0.8105327 2.38419e-7 0 0 0 1 -0.6608454 0.5695683 -0.4887492 -2.98023e-8 -0.4695844 -0.8217838 -0.3227412 0 -0.5854691 0.01622701 0.8105327 2.38419e-7 0 0 0 1 -0.6608454 0.5695683 -0.4887492 -2.98023e-8 -0.4695844 -0.8217838 -0.3227412 0 -0.5854691 0.01622701 0.8105327 2.38419e-7 0 0 0 1 -0.6608454 0.5695683 -0.4887492 -2.98023e-8 -0.4695844 -0.8217838 -0.3227412 0 -0.5854691 0.01622701 0.8105327 2.38419e-7 0 0 0 1 -0.6608454 0.5695683 -0.4887492 -2.98023e-8 -0.4695844 -0.8217838 -0.3227412 0 -0.5854691 0.01622701 0.8105327 2.38419e-7 0 0 0 1 -0.6608454 0.5695683 -0.4887492 -2.98023e-8 -0.4695844 -0.8217838 -0.3227412 0 -0.5854691 0.01622701 0.8105327 2.38419e-7 0 0 0 1 -0.6608454 0.5695683 -0.4887492 -2.98023e-8 -0.4695844 -0.8217838 -0.3227412 0 -0.5854691 0.01622701 0.8105327 2.38419e-7 0 0 0 1
0.787437 0.1927923 -0.5854693 -2.38419e-7 -0.2263811 0.9739037 0.01622683 0.1535651 0.573319 0.1197616 0.8105322 0 0 0 0 1 0.6354001 0.3194208 -0.70302 -2.38419e-7 -0.5212356 0.8491402 -0.08528943 0.1535651 0.5697194 0.420632 0.7060373 0 0 0 0 1 0.6355828 -0.1310715 -0.7608251 -2.38419e-7 -0.5353528 0.635236 -0.556662 0.1535651 0.556266 0.7611147 0.3335756 0 0 0 0 1 0.7233454 0.07996446 -0.6858405 -2.38419e-7 -0.5181718 0.7193509 -0.4626363 0.1535651 0.4563654 0.690029 0.5617744 0 0 0 0 1 0.6212635 0.3761248 -0.6874313 -2.38419e-7 -0.7046496 0.6519167 -0.2801314 0.1535651 0.3427835 0.6584336 0.6700482 0 0 0 0 1 0.6381557 0.6419556 -0.4250298 -2.38419e-7 -0.6878446 0.7233878 0.05983311 0.1535651 0.3458714 0.2541716 0.9031998 0 0 0 0 1 0.5822787 0.6678706 -0.4635736 -2.38419e-7 -0.6648685 0.7193422 0.2012382 0.1535651 0.467869 0.1910388 0.8629036 0 0 0 0 1 0.5832723 0.1102282 -0.8047629 -2.38419e-7 -0.39432 0.9046012 -0.1618905 0.1535651 0.7101444 0.4117604 0.571094 0 0 0 0 1 0.6813191 0.01858786 -0.7317506 -2.38419e-7 -0.565466 0.6481647 -0.5100301 0.1535651 0.4648145 0.7612733 0.4521177 0 0 0 0 1 0.7255939 0.1597501 -0.6693231 -2.38419e-7 -0.5081083 0.7803239 -0.3645826 0.1535651 0.4640468 0.6046276 0.6473686 0 0 0 0 1
0.9999968 0.002542797 1.94414e-7 0 -0.002542798 0.9999967 2.98023e-8 0.4930071 -1.89058e-7 -5.96046e-8 0.9999999 -2.38419e-7 0 0 0 1 0.9999968 -1.05961e-5 0.002543101 0 -0.002543134 -0.004121423 0.9999883 0.4930071 -1.15018e-7 -0.9999914 -0.004121542 -2.38419e-7 0 0 0 1 0.9999968 -4.45341e-4 0.002502559 0 -0.002541886 -0.1750748 0.9845518 0.4930071 -3.26429e-7 -0.984555 -0.1750754 -2.38419e-7 0 0 0 1 0.9999968 0.002105488 0.00142651 0 -0.002543237 0.8276663 0.5612147 0.4930071 9.74629e-7 -0.5612165 0.8276689 -2.38419e-7 0 0 0 1 0.9999968 0.001742256 0.00185247 0 -0.002543044 0.6850909 0.728453 0.4930071 8.19564e-8 -0.7284554 0.685093 -2.38419e-7 0 0 0 1 0.9999968 0.002226914 0.001225757 0 -0.002541973 0.8758907 0.4825028 0.4930071 8.70321e-7 -0.4825044 0.8758935 -2.38419e-7 0 0 0 1 0.9999968 0.001697207 0.00189331 0 -0.002542664 0.6675256 0.7445824 0.4930071 -1.06636e-7 -0.7445848 0.6675277 -2.38419e-7 0 0 0 1 0.9999968 -7.27377e-4 0.002435804 0 -0.002542089 -0.2860897 0.9581994 0.4930071 -1.28988e-7 -0.9582026 -0.2860906 -2.38419e-7 0 0 0 1 0.9999968 4.33492e-4 0.002504332 0 -0.002541579 0.1703213 0.9853852 0.4930071 6.18398e-7 -0.9853884 0.1703218 -2.38419e-7 0 0 0 1 0.9999968 0.002182915 0.001303729 0 -0.002542601 0.8583933 0.5129858 0.4930071 7.32485e-7 -0.5129876 0.8583959 -2.38419e-7 0 0 0 1
-0.9304573 -2.12807e-7 0.3664004 0 0.3664004 -4.47035e-8 0.9304572 0.4761596 -1.71363e-7 1 8.9407e-8 2.38419e-7 0 0 0 1 -0.9055261 -0.1897362 0.3795031 0 0.3637345 0.1133648 0.9245785 0.4761596 -0.2184483 0.9752685 -0.03364122 2.38419e-7 0 0 0 1 -0.9120705 -0.2536696 0.3221477 0 0.3626102 -0.1322208 0.9225137 0.4761596 -0.1914191 0.9582115 0.2125778 2.38419e-7 0 0 0 1 -0.9337002 -0.1899975 0.303488 0 0.3498262 -0.3033867 0.8863285 0.4761596 -0.07632595 0.9337331 0.3497384 2.38419e-7 0 0 0 1 -0.9390709 -0.08618784 0.3327422 0 0.3390659 -0.3910978 0.8556149 0.4761596 0.05639113 0.9163046 0.3964919 2.38419e-7 0 0 0 1 -0.9303502 -0.04046418 0.3644327 0 0.366045 -0.04438837 0.9295379 0.4761596 -0.0214364 0.9981945 0.05610842 2.38419e-7 0 0 0 1 -0.9020817 -0.2127301 0.3754922 0 0.3644206 0.09060819 0.9268159 0.4761596 -0.2311844 0.9729007 -0.004212774 2.38419e-7 0 0 0 1 -0.9220375 -0.182641 0.3413048 0 0.3639681 -0.1088141 0.9250334 0.4761596 -0.1318102 0.9771396 0.1668062 2.38419e-7 0 0 0 1 -0.9267084 -0.2323265 0.2953571 0 0.3530843 -0.2693128 0.8959923 0.4761596 -0.1286193 0.9346095 0.3316053 2.38419e-7 0 0 0 1 -0.931165 -0.2623581 0.2531797 0 0.3403267 -0.3763182 0.8617206 0.4761596 -0.1308033 0.8885679 0.4397019 2.38419e-7 0 0 0 1
-0.7086738 -0.5695683 0.4163814 -2.98023e-8 0.5009826 -0.8217838 -0.2714548 0 0.4967875 0.016227 0.8677207 2.38419e-7 0 0 0 1 -0.7086738 -0.5695683 0.4163814 -2.98023e-8 0.5009826 -0.8217838 -0.2714548 0 0.4967875 0.016227 0.8677207 2.38419e-7 0 0 0 1 -0.7086738 -0.5695683 0.4163814 -2.98023e-8 0.5009826 -0.8217838 -0.2714548 0 0.4967875 0.016227 0.8677207 2.38419e-7 0 0 0 1 -0.7086738 -0.5695683 0.4163814 -2.98023e-8 0.5009826 -0.8217838 -0.2714548 0 0.4967875 0.016227 0.8677207 2.38419e-7 0 0 0 1 -0.7086738 -0.5695683 0.4163814 -2.98023e-8 0.5009826 -0.8217838 -0.2714548 0 0.4967875 0.016227 0.8677207 2.38419e-7 0 0 0 1 -0.7086738 -0.5695683 0.4163814 -2.98023e-8 0.5009826 -0.8217838 -0.2714548 0 0.4967875 0.016227 0.8677207 2.38419e-7 0 0 0 1 -0.7086738 -0.5695683 0.4163814 -2.98023e-8 0.5009826 -0.8217838 -0.2714548 0 0.4967875 0.016227 0.8677207 2.38419e-7 0 0 0 1 -0.7086738 -0.5695683 0.4163814 -2.98023e-8 0.5009826 -0.8217838 -0.2714548 0 0.4967875 0.016227 0.8677207 2.38419e-7 0 0 0 1 -0.7086738 -0.5695683 0.4163814 -2.98023e-8 0.5009826 -0.8217838 -0.2714548 0 0.4967875 0.016227 0.8677207 2.38419e-7 0 0 0 1 -0.7086738 -0.5695683 0.4163814 -2.98023e-8 0.5009826 -0.8217838 -0.2714548 0 0.4967875 0.016227 0.8677207 2.38419e-7 0 0 0 1
0.8434734 -0.2043402 0.4967876 2.38419e-7 0.2263811 0.9739038 0.01622682 0.153565 -0.487139 0.09877639 0.8677206 0 0 0 0 1 0.7039447 -0.3475181 0.6194299 2.38419e-7 0.6647878 0.6294048 -0.4023767 0.153565 -0.250039 0.6950402 0.674092 0 0 0 0 1 0.7178496 -0.5957094 0.3603089 2.38419e-7 0.6783294 0.7149731 -0.1693607 0.153565 -0.1567214 0.3659836 0.9173303 0 0 0 0 1 0.7194816 -0.6450294 0.257456 2.38419e-7 0.6531386 0.7544485 0.06494414 0.153565 -0.2361281 0.1214283 0.9641052 0 0 0 0 1 0.7621741 -0.2936018 0.5769653 2.38419e-7 0.494917 0.8387777 -0.2269569 0.153565 -0.4173106 0.4585305 0.784603 0 0 0 0 1 0.788564 -0.08649987 0.6088389 2.38419e-7 0.5534536 0.5313968 -0.641332 0.153565 -0.2680599 0.8426952 0.4669141 0 0 0 0 1 0.8248582 -0.2020364 0.5280061 2.38419e-7 0.4913158 0.7182161 -0.4927216 0.153565 -0.2796747 0.6658431 0.6916901 0 0 0 0 1 0.7049184 -0.5055217 0.497532 2.38419e-7 0.6980556 0.6187938 -0.3602956 0.153565 -0.1257323 0.6012839 0.7890813 0 0 0 0 1 0.7398868 -0.6367574 0.2170433 2.38419e-7 0.6470602 0.7618728 0.02938025 0.153565 -0.1840674 0.1187019 0.9757199 0 0 0 0 1 0.6934468 -0.6882343 0.2132262 2.38419e-7 0.6856152 0.7212865 0.09837648 0.153565 -0.2215032 0.07797229 0.9720375 0 0 0 0 1
0.9999967 -0.002542831 -1.09896e-7 -1.49012e-8 0.002542824 0.9999968 2.98023e-8 0.4930071 1.15484e-7 -1.49012e-8 1 2.38419e-7 0 0 0 1 0.9999967 -0.001747515 -0.001845703 -1.49012e-8 0.002541736 0.6874126 0.7262625 0.4930071 -3.88362e-7 -0.726265 0.6874149 2.38419e-7 0 0 0 1 0.9999967 -0.002054784 -0.00149823 -1.49012e-8 0.002542987 0.8079613 0.5892299 0.4930071 -2.28174e-7 -0.5892318 0.807964 2.38419e-7 0 0 0 1 0.9999967 -0.002037283 -0.001521211 -1.49012e-8 0.002542563 0.8012204 0.5983639 0.4930071 -2.03028e-7 -0.5983659 0.8012231 2.38419e-7 0 0 0 1 0.9999967 3.9107e-4 -0.002511382 -1.49012e-8 0.002541646 -0.15375 0.9881065 0.4930071 2.99886e-7 -0.9881098 -0.1537505 2.38419e-7 0 0 0 1 0.9999967 -9.4953e-5 -0.002541669 -1.49012e-8 0.002543442 0.03716238 0.999306 0.4930071 -4.25614e-7 -0.9993092 0.0371625 2.38419e-7 0 0 0 1 0.9999967 -0.002144203 -0.001365967 -1.49012e-8 0.002542339 0.8434066 0.5372697 0.4930071 5.58794e-8 -0.5372715 0.8434094 2.38419e-7 0 0 0 1 0.9999968 -0.001706887 -0.001884717 -1.49012e-8 0.002542756 0.6709541 0.7414944 0.4930071 -1.0822e-6 -0.7414969 0.6709564 2.38419e-7 0 0 0 1 0.9999968 -0.002210654 -0.00125733 -1.49012e-8 0.002543196 0.86941 0.4940847 0.4930071 8.82894e-7 -0.4940863 0.8694129 2.38419e-7 0 0 0 1 0.9999968 -0.001760293 -0.001835622 -1.49012e-8 0.002543256 0.6921186 0.7217794 0.4930071 -6.42613e-8 -0.7217817 0.6921208 2.38419e-7 0 0 0 1
-0.9304572 2.04891e-7 -0.3664004 1.49012e-8 -0.3664004 -8.9407e-8 0.9304573 0.4761596 1.78814e-7 0.9999999 1.49012e-7 0 0 0 0 1 -0.9399679 0.1645647 -0.2989628 1.49012e-8 -0.3401651 -0.3816075 0.8594553 0.4761596 0.02734955 0.9095571 0.4146779 0 0 0 0 1 -0.9380381 0.1141841 -0.3271797 1.49012e-8 -0.3463933 -0.335693 0.8759691 0.4761596 -0.009810179 0.9350252 0.3544455 0 0 0 0 1 -0.9028294 0.1655655 -0.3968464 1.49012e-8 -0.3572712 0.2247417 0.9065585 0.4761596 0.2392827 0.9602495 -0.1437517 0 0 0 0 1 -0.9089625 0.2225996 -0.352472 1.49012e-8 -0.3657266 -0.02000934 0.9305072 0.4761596 0.2000778 0.9747045 0.09959832 0 0 0 0 1 -0.9290918 0.1902929 -0.3171389 1.49012e-8 -0.356548 -0.2329459 0.9047705 0.4761596 0.0982952 0.9536901 0.2842767 0 0 0 0 1 -0.9398755 0.1893494 -0.28422 1.49012e-8 -0.3379664 -0.3959792 0.8538028 0.4761596 0.04912186 0.898525 0.4361648 0 0 0 0 1 -0.941618 0.1153711 -0.3162991 1.49012e-8 -0.3348709 -0.4182734 0.8443393 0.4761596 -0.03488712 0.9009644 0.4324881 0 0 0 0 1 -0.9259119 0.08198979 -0.3687339 1.49012e-8 -0.3659309 0.04747805 0.9294301 0.4761596 0.09371059 0.9955016 -0.01395795 0 0 0 0 1 -0.898217 0.1997847 -0.3915256 1.49012e-8 -0.3606384 0.1742676 0.9162809 0.4761596 0.2512891 0.9642183 -0.08448008 0 0 0 0 1
0.9999547 0.009522043 3.26619e-4 -2.98023e-8 -0.009522036 0.997604 0.06852378 0 3.2663e-4 -0.06852376 0.9976494 2.38419e-7 0 0 0 1 0.9995595 -0.009958245 -0.02795682 -2.98023e-8 0.00669378 0.9933981 -0.1145219 0 0.02891264 0.1142844 0.9930273 2.38419e-7 0 0 0 1 0.9958749 -0.08274521 0.03723608 -2.98023e-8 0.08643556 0.9899596 -0.111843 0 -0.02760777 0.1146001 0.993028 2.38419e-7 0 0 0 1 0.995347 -0.08296028 0.04901251 -2.98023e-8 0.08583756 0.9945099 -0.0598485 0 -0.04377837 0.06377715 0.9970035 2.38419e-7 0 0 0 1 0.9982183 0.05949738 -0.004511976 -2.98023e-8 -0.05944809 0.9851987 -0.160777 0 -0.005120603 0.1607588 0.9869804 2.38419e-7 0 0 0 1 0.9967814 0.0461702 -0.06553853 -2.98023e-8 -0.05194864 0.9946408 -0.08939287 0 0.06105999 0.09250981 0.9938378 2.38419e-7 0 0 0 1 0.9955221 0.06348575 -0.07003839 -2.98023e-8 -0.06496722 0.9977049 -0.01907888 0 0.0686664 0.02354366 0.9973618 2.38419e-7 0 0 0 1 0.9935758 -0.1123406 0.01366918 -2.98023e-8 0.1131525 0.9840859 -0.1370093 0 0.001940015 0.1376758 0.9904755 2.38419e-7 0 0 0 1 0.9950609 -0.08502892 0.05122732 -2.98023e-8 0.08869209 0.9933008 -0.07407643 0 -0.04458551 0.07825401 0.995936 2.38419e-7 0 0 0 1 0.9943282 -0.09624887 0.04525077 -2.98023e-8 0.09693974 0.995201 -0.01332461 0 -0.04375115 0.01763566 0.9988869 2.38419e-7 0 0 0 1
0.9999893 -0.004583839 1.24398e-4 -2.98023e-8 0.004585148 0.9991935 -0.03989378 0.1441603 5.8574e-5 0.03989391 0.9992039 -2.38419e-7 0 0 0 1 0.9982957 -0.04618358 -0.03567282 -2.98023e-8 0.04290073 0.9952076 -0.08787152 0.1441603 0.03956008 0.08619136 0.9954929 -2.38419e-7 0 0 0 1 0.9987653 -0.01837807 0.04614846 -2.98023e-8 0.02195104 0.9966999 -0.07815038 0.1441603 -0.0445599 0.07906689 0.9958729 -2.38419e-7 0 0 0 1 0.9974553 -0.02825117 0.06545664 -2.98023e-8 0.03198594 0.9978771 -0.05672988 0.1441603 -0.06371499 0.0586792 0.9962415 -2.38419e-7 0 0 0 1 0.999684 0.02480372 -0.004033981 -2.98023e-8 -0.0250758 0.9951077 -0.09556264 0.1441603 0.00164394 0.0956336 0.9954152 -2.38419e-7 0 0 0 1 0.9961779 -0.01306928 -0.08636266 -2.98023e-8 0.00797746 0.9982237 -0.05904279 0.1441603 0.0869809 0.05812816 0.9945128 -2.38419e-7 0 0 0 1 0.9954726 0.00320464 -0.09499288 -2.98023e-8 -0.008368133 0.9985055 -0.05400821 0.1441603 0.09467784 0.0545586 0.9940118 -2.38419e-7 0 0 0 1 0.9984559 -0.05385275 0.0136161 -2.98023e-8 0.05484584 0.9946046 -0.08805527 0.1441603 -0.008800618 0.08866609 0.9960225 -2.38419e-7 0 0 0 1 0.9977523 -7.25009e-4 0.06700315 -2.98023e-8 0.004554463 0.9983628 -0.0570183 0.1441603 -0.06685209 0.05719531 0.9961222 -2.38419e-7 0 0 0 1 0.9977659 -0.02057616 0.06355774 -2.98023e-8 0.02372396 0.9985085 -0.04917563 0.1441603 -0.06245109 0.05057359 0.9967659 -2.38419e-7 0 0 0 1
0.9999999 3.72529e-9 3.20142e-9 0 0 1 -5.58794e-9 0.1445663 6.40284e-10 -3.72529e-9 1 -2.38419e-7 0 0 0 1 0.9990934 -0.03658143 -0.02177212 0 0.03767979 0.9979162 0.05237997 0.1445663 0.01981062 -0.05315286 0.9983899 -2.38419e-7 0 0 0 1 0.9987575 0.0429652 0.0252422 0 -0.04434899 0.9973834 0.05709155 0.1445663 -0.0227232 -0.0581401 0.9980499 -2.38419e-7 0 0 0 1 0.9988606 0.03341874 0.03406766 0 -0.03506683 0.9981837 0.04898599 0.1445663 -0.03236873 -0.05012483 0.9982184 -2.38419e-7 0 0 0 1 0.9999962 0.002072215 -0.001757739 0 -0.001944028 0.9975428 0.07003345 0.1445663 0.001898554 -0.07002979 0.9975432 -2.38419e-7 0 0 0 1 0.9981193 -0.039892 -0.04654429 0 0.04286623 0.9969801 0.06475717 0.1445663 0.04382044 -0.06663057 0.9968151 -2.38419e-7 0 0 0 1 0.9984053 -0.02769935 -0.04918912 0 0.02921221 0.9991137 0.03030795 0.1445663 0.04830603 -0.03169655 0.9983296 -2.38419e-7 0 0 0 1 0.9998081 0.01850006 0.006430977 0 -0.01887097 0.9978088 0.06341767 0.1445663 -0.005243646 -0.06352688 0.9979664 -2.38419e-7 0 0 0 1 0.9972452 0.0641845 0.03717866 0 -0.06618425 0.996273 0.05531802 0.1445663 -0.03348953 -0.05762629 0.9977764 -2.38419e-7 0 0 0 1 0.9983572 0.04632062 0.03372183 0 -0.04734167 0.998424 0.03013736 0.1445663 -0.03227271 -0.03168431 0.9989768 -2.38419e-7 0 0 0 1
1 -4.00228e-4 2.06936e-4 0 3.58383e-4 0.9849148 0.1730394 -1.19209e-7 -2.73069e-4 -0.1730393 0.9849148 -2.38419e-7 0 0 0 1 0.9974214 0.04378937 0.05686266 0 -0.061547 0.9294217 0.3638506 -1.19209e-7 -0.0369166 -0.366412 0.92972 -2.38419e-7 0 0 0 1 0.9993112 0.003265512 0.03696954 0 -0.01562826 0.9405246 0.3393658 -1.19209e-7 -0.03366255 -0.3397097 0.9399276 -2.38419e-7 0 0 0 1 0.9983644 0.05362961 0.01981686 0 -0.05707225 0.9141661 0.4013016 -1.19209e-7 0.003405748 -0.4017762 0.9157315 -2.38419e-7 0 0 0 1 0.9988005 0.04698375 0.01379937 0 -0.04885356 0.9367969 0.346446 -1.19209e-7 0.003350123 -0.3467045 0.9379684 -2.38419e-7 0 0 0 1 0.9981813 0.02586684 0.05445493 0 -0.04497011 0.9210656 0.3868019 -1.19209e-7 -0.04015122 -0.3885472 0.9205536 -2.38419e-7 0 0 0 1 0.9980069 0.01739952 0.06066075 0 -0.04198902 0.9006686 0.4324728 -1.19209e-7 -0.0471104 -0.4341579 0.899604 -2.38419e-7 0 0 0 1 0.9979979 0.01412043 0.06165171 0 -0.03689139 0.9217283 0.3860774 -1.19209e-7 -0.05137453 -0.3875788 0.9204038 -2.38419e-7 0 0 0 1 0.9994828 0.03020585 0.01105326 0 -0.03213593 0.9232448 0.3828658 -1.19209e-7 0.001359924 -0.3830228 0.9237378 -2.38419e-7 0 0 0 1 0.9993069 0.03639513 0.007822501 0 -0.03647111 0.9150643 0.4016555 -1.19209e-7 0.007460209 -0.4016624 0.9157574 -2.38419e-7 0 0 0 1
0.9997594 0.02115007 -0.005838652 7.45058e-9 -0.02143823 0.8849705 -0.4651533 0.1119889 -0.004670991 0.4651664 0.8852109 0 0 0 0 1 0.9965757 0.03810673 0.07338043 7.45058e-9 -0.01542494 0.957571 -0.2877847 0.1119889 -0.0812335 0.2856673 0.9548796 0 0 0 0 1 0.9987879 0.02057697 0.04471307 7.45058e-9 -0.009015359 0.9695326 -0.2447967 0.1119889 -0.04838794 0.2440969 0.9685428 0 0 0 0 1 0.9995362 -0.02830926 0.0112255 7.45058e-9 0.03045367 0.9291147 -0.3685355 0.1119889 3.18978e-6 0.3687063 0.9295459 0 0 0 0 1 0.9980035 -0.0627168 -0.007455758 7.45058e-9 0.05937709 0.9719251 -0.2276751 0.1119889 0.02152548 0.2267778 0.9737086 0 0 0 0 1 0.9979923 0.001941565 0.06330652 7.45058e-9 0.01879504 0.9454278 -0.3252892 0.1119889 -0.06048331 0.3258259 0.9434931 0 0 0 0 1 0.9950982 0.05724496 0.08063907 7.45058e-9 -0.01964437 0.9135992 -0.4061413 0.1119889 -0.09692131 0.4025663 0.9102454 0 0 0 0 1 0.9940611 0.06641279 0.08620828 7.45058e-9 -0.03722268 0.9519079 -0.3041152 0.1119889 -0.1022595 0.2991001 0.9487265 0 0 0 0 1 0.9992729 0.03640364 0.01133865 7.45058e-9 -0.02962816 0.9285434 -0.3700397 0.1119889 -0.02399922 0.3694346 0.9289468 0 0 0 0 1 0.9999712 -0.007543612 9.15808e-4 7.45058e-9 0.007193189 0.9008136 -0.4341464 0.1119889 0.002450056 0.4341404 0.9008419 0 0 0 0 1
0.9998466 -0.01747725 0.001230964 0 0.01699767 0.9846463 0.1737317 0.09368634 -0.004248414 -0.1736841 0.9847922 -2.38419e-7 0 0 0 1 0.9990777 -0.01837777 0.03881367 0 0.01018544 0.9794218 0.201567 0.09368634 -0.04171929 -0.2009858 0.9787054 -2.38419e-7 0 0 0 1 0.999548 -0.0167299 0.02498188 0 0.01084233 0.9755527 0.2194982 0.09368634 -0.02804332 -0.2191282 0.975293 -2.38419e-7 0 0 0 1 0.9989538 -0.04315846 0.01512868 0 0.04000391 0.9849269 0.1682817 0.09368634 -0.02216342 -0.1675005 0.9856229 -2.38419e-7 0 0 0 1 0.9985021 -0.0538046 0.009933492 0 0.05018395 0.9729457 0.2255175 0.09368634 -0.02179862 -0.2246813 0.9741884 -2.38419e-7 0 0 0 1 0.9989126 -0.02822021 0.03711374 0 0.02085459 0.9823887 0.1856808 0.09368634 -0.04170007 -0.184705 0.981909 -2.38419e-7 0 0 0 1 0.999077 -0.01251436 0.04109719 0 0.006241657 0.9887646 0.14935 0.09368634 -0.04250446 -0.1489557 0.9879301 -2.38419e-7 0 0 0 1 0.9991236 -0.005286239 0.04152305 0 -0.002774183 0.9814498 0.1916992 0.09368634 -0.04176615 -0.1916464 0.980575 -2.38419e-7 0 0 0 1 0.999795 -0.01816724 0.00895052 0 0.016374 0.9851922 0.1706695 0.09368634 -0.01191857 -0.170488 0.9852877 -2.38419e-7 0 0 0 1 0.9994105 -0.03345802 0.007707966 0 0.03199371 0.9889768 0.1445721 0.09368634 -0.0124601 -0.1442403 0.9894642 -2.38419e-7 0 0 0 1
0.3000329 0.9531029 0.03968879 0 -0.9533803 0.2981901 0.04635191 -1.19209e-7 0.03234333 -0.05174561 0.9981365 -2.38419e-7 0 0 0 1 0.3000329 0.9531029 0.03968879 0 -0.9533803 0.2981901 0.04635191 -1.19209e-7 0.03234333 -0.05174561 0.9981365 -2.38419e-7 0 0 0 1 0.3000329 0.9531029 0.03968879 0 -0.9533803 0.2981901 0.04635191 -1.19209e-7 0.03234333 -0.05174561 0.9981365 -2.38419e-7 0 0 0 1 0.3000329 0.9531029 0.03968879 0 -0.9533803 0.2981901 0.04635191 -1.19209e-7 0.03234333 -0.05174561 0.9981365 -2.38419e-7 0 0 0 1 0.3000329 0.9531029 0.03968879 0 -0.9533803 0.2981901 0.04635191 -1.19209e-7 0.03234333 -0.05174561 0.9981365 -2.38419e-7 0 0 0 1 0.3000329 0.9531029 0.03968879 0 -0.9533803 0.2981901 0.04635191 -1.19209e-7 0.03234333 -0.05174561 0.9981365 -2.38419e-7 0 0 0 1 0.3000329 0.9531029 0.03968879 0 -0.9533803 0.2981901 0.04635191 -1.19209e-7 0.03234333 -0.05174561 0.9981365 -2.38419e-7 0 0 0 1 0.3000329 0.9531029 0.03968879 0 -0.9533803 0.2981901 0.04635191 -1.19209e-7 0.03234333 -0.05174561 0.9981365 -2.38419e-7 0 0 0 1 0.3000329 0.9531029 0.03968879 0 -0.9533803 0.2981901 0.04635191 -1.19209e-7 0.03234333 -0.05174561 0.9981365 -2.38419e-7 0 0 0 1 0.3000329 0.9531029 0.03968879 0 -0.9533803 0.2981901 0.04635191 -1.19209e-7 0.03234333 -0.05174561 0.9981365 -2.38419e-7 0 0 0 1
0.9535329 0.2953184 0.05968469 -1.19209e-7 -0.2918685 0.9545615 -0.06020591 0.2148151 -0.07475262 0.03998822 0.9964 0 0 0 0 1 -0.2683648 0.9559737 0.1187218 -1.19209e-7 -0.4086311 -0.001365185 -0.9126985 0.2148151 -0.8723537 -0.2934495 0.3910069 0 0 0 0 1 -0.51728 0.7108359 0.4765858 -1.19209e-7 -0.6250975 0.0665316 -0.777706 0.2148151 -0.5845293 -0.7002042 0.4099263 0 0 0 0 1 -0.5920697 0.6370517 0.4935775 -1.19209e-7 -0.7199216 -0.1428602 -0.6791933 0.2148151 -0.3621687 -0.7574669 0.5432105 0 0 0 0 1 -0.2445123 0.9685128 0.04687324 -1.19209e-7 -0.7274494 -0.1512619 -0.669281 0.2148151 -0.641117 -0.1977453 0.7415294 0 0 0 0 1 0.05015627 0.9948795 -0.08774538 -1.19209e-7 -0.6459396 -0.03469439 -0.7625996 0.2148151 -0.761739 0.09492734 0.640892 0 0 0 0 1 -0.1883832 0.9813331 0.03869374 -1.19209e-7 -0.4570808 -0.05273621 -0.8878603 0.2148151 -0.8692461 -0.1849441 0.4584831 0 0 0 0 1 -0.467564 0.8520257 0.235449 -1.19209e-7 -0.5133478 -0.04488342 -0.857006 0.2148151 -0.7196234 -0.5215724 0.4583714 0 0 0 0 1 -0.5649358 0.658455 0.4972773 -1.19209e-7 -0.6344479 0.03868763 -0.7719967 0.2148151 -0.5275635 -0.7516251 0.3958994 0 0 0 0 1 -0.5752608 0.6717204 0.4667622 -1.19209e-7 -0.6977128 -0.1051158 -0.7086234 0.2148151 -0.4269328 -0.7333093 0.529137 0 0 0 0 1
0.9918929 -0.1270766 2.83122e-7 0 0.1270766 0.991893 2.98023e-8 0.2350571 -2.98023e-7 -5.96046e-8 1 -2.38419e-7 0 0 0 1 0.658784 -0.4828241 0.5769615 0 0.5865274 -0.1506686 -0.7957919 0.2350571 0.4711574 0.8626587 0.1839315 -2.38419e-7 0 0 0 1 0.7103405 -0.5075431 0.4876642 0 0.5915103 0.05494153 -0.8044235 0.2350571 0.3814865 0.8598729 0.3392442 -2.38419e-7 0 0 0 1 0.6901751 -0.5005557 0.5225921 0 0.5921187 -0.02451441 -0.8054778 0.2350571 0.4159976 0.8653572 0.2794692 -2.38419e-7 0 0 0 1 0.6310874 -0.4595498 0.624934 0 0.5743178 -0.2647323 -0.7746456 0.2350571 0.5214285 0.84778 0.0968585 -2.38419e-7 0 0 0 1 0.5759837 -0.3863946 0.7203763 0 0.5244166 -0.5013468 -0.6882141 0.2350571 0.6270806 0.7741775 -0.0861358 -2.38419e-7 0 0 0 1 0.5829842 -0.3981338 0.7082506 0 0.5330888 -0.4704028 -0.7032337 0.2350571 0.6131442 0.7875347 -0.06199676 -2.38419e-7 0 0 0 1 0.6562809 -0.4810297 0.5812967 0 0.5857188 -0.1608644 -0.7943905 0.2350571 0.4756353 0.8618197 0.1761759 -2.38419e-7 0 0 0 1 0.6812944 -0.4964111 0.5379722 0 0.5913676 -0.05988684 -0.8041753 0.2350571 0.431419 0.8660195 0.2527609 -2.38419e-7 0 0 0 1 0.6581205 -0.4823529 0.5781116 0 0.5863178 -0.1533719 -0.7954298 0.2350571 0.4723439 0.8624459 0.181875 -2.38419e-7 0 0 0 1
0.9918929 0.1270768 -2.98023e-7 2.38419e-7 -0.1270768 0.9918928 2.98023e-8 0.2792664 3.57628e-7 8.9407e-8 1 0 0 0 0 1 0.8537982 0.1270768 -0.5048567 2.38419e-7 -0.1093847 0.9918928 0.06467995 0.2792664 0.5089831 8.9407e-8 0.8607766 0 0 0 0 1 0.8653405 0.1270768 -0.4848067 2.38419e-7 -0.1108635 0.9918928 0.06211123 0.2792664 0.4887692 8.9407e-8 0.8724132 0 0 0 0 1 0.8569542 0.1270768 -0.4994808 2.38419e-7 -0.1097891 0.9918928 0.06399122 0.2792664 0.5035632 8.9407e-8 0.8639584 0 0 0 0 1 0.8804694 0.1270768 -0.456755 2.38419e-7 -0.1128017 0.9918928 0.05851734 0.2792664 0.4604883 8.9407e-8 0.8876658 0 0 0 0 1 0.8836516 0.1270768 -0.4505678 2.38419e-7 -0.1132094 0.9918928 0.05772471 0.2792664 0.4542505 8.9407e-8 0.890874 0 0 0 0 1 0.8649569 0.1270768 -0.4854907 2.38419e-7 -0.1108143 0.9918928 0.06219885 0.2792664 0.4894588 8.9407e-8 0.8720264 0 0 0 0 1 0.8679399 0.1270768 -0.4801374 2.38419e-7 -0.1111965 0.9918928 0.06151304 0.2792664 0.4840617 8.9407e-8 0.8750339 0 0 0 0 1 0.8587108 0.1270768 -0.4964548 2.38419e-7 -0.1100141 0.9918928 0.06360352 0.2792664 0.5005125 8.9407e-8 0.8657293 0 0 0 0 1 0.8681159 0.1270768 -0.4798192 2.38419e-7 -0.1112191 0.9918928 0.0614723 0.2792664 0.483741 8.9407e-8 0.8752112 0 0 0 0 1
0.2854089 -0.95765 -0.03805725 0 0.9576587 0.2833939 0.05077169 -1.19209e-7 -0.03783629 -0.05093654 0.9979849 -2.38419e-7 0 0 0 1 0.2854089 -0.95765 -0.03805725 0 0.9576587 0.2833939 0.05077169 -1.19209e-7 -0.03783629 -0.05093654 0.9979849 -2.38419e-7 0 0 0 1 0.2854089 -0.95765 -0.03805725 0 0.9576587 0.2833939 0.05077169 -1.19209e-7 -0.03783629 -0.05093654 0.9979849 -2.38419e-7 0 0 0 1 0.2854089 -0.95765 -0.03805725 0 0.9576587 0.2833939 0.05077169 -1.19209e-7 -0.03783629 -0.05093654 0.9979849 -2.38419e-7 0 0 0 1 0.2854089 -0.95765 -0.03805725 0 0.9576587 0.2833939 0.05077169 -1.19209e-7 -0.03783629 -0.05093654 0.9979849 -2.38419e-7 0 0 0 1 0.2854089 -0.95765 -0.03805725 0 0.9576587 0.2833939 0.05077169 -1.19209e-7 -0.03783629 -0.05093654 0.9979849 -2.38419e-7 0 0 0 1 0.2854089 -0.95765 -0.03805725 0 0.9576587 0.2833939 0.05077169 -1.19209e-7 -0.03783629 -0.05093654 0.9979849 -2.38419e-7 0 0 0 1 0.2854089 -0.95765 -0.03805725 0 0.9576587 0.2833939 0.05077169 -1.19209e-7 -0.03783629 -0.05093654 0.9979849 -2.38419e-7 0 0 0 1 0.2854089 -0.95765 -0.03805725 0 0.9576587 0.2833939 0.05077169 -1.19209e-7 -0.03783629 -0.05093654 0.9979849 -2.38419e-7 0 0 0 1 0.2854089 -0.95765 -0.03805725 0 0.9576587 0.2833939 0.05077169 -1.19209e-7 -0.03783629 -0.05093654 0.9979849 -2.38419e-7 0 0 0 1
0.9547576 -0.290137 -0.06525655 1.19209e-7 0.2865478 0.9562409 -0.05910834 0.2188037 0.07955053 0.03773502 0.9961165 2.38419e-7 0 0 0 1 -0.2446027 -0.9639745 -0.1045122 1.19209e-7 0.6851567 -0.09556583 -0.7220994 0.2188037 0.6860975 -0.2482347 0.6838493 2.38419e-7 0 0 0 1 0.2948105 -0.9070249 0.3006534 1.19209e-7 0.6587437 -0.035007 -0.7515526 0.2188037 0.6922019 0.4196192 0.5871766 2.38419e-7 0 0 0 1 0.05827168 -0.9968798 0.05324548 1.19209e-7 0.5827932 -0.009334296 -0.8125668 0.2188037 0.8105285 0.07838075 0.5804309 2.38419e-7 0 0 0 1 -0.3362317 -0.9175839 -0.2121038 1.19209e-7 0.6105844 -0.04091865 -0.7908934 0.2188037 0.7170321 -0.3954307 0.5740205 2.38419e-7 0 0 0 1 -0.5285767 -0.7024109 -0.4766819 1.19209e-7 0.6294801 0.0524161 -0.7752466 0.2188037 0.5695274 -0.7098392 0.4144478 2.38419e-7 0 0 0 1 -0.6005391 -0.6439139 -0.4740545 1.19209e-7 0.6763514 -0.09284104 -0.7307047 0.2188037 0.4264992 -0.7594442 0.4912668 2.38419e-7 0 0 0 1 -0.1253559 -0.9921039 0.003969029 1.19209e-7 0.6262767 -0.08223377 -0.7752516 0.2188037 0.7694566 -0.09469672 0.6316401 2.38419e-7 0 0 0 1 0.1403621 -0.9718466 0.1892422 1.19209e-7 0.6220207 -0.06215081 -0.7805303 0.2188037 0.7703174 0.2272695 0.5957851 2.38419e-7 0 0 0 1 -0.08676405 -0.9960728 0.0176332 1.19209e-7 0.5056801 -0.05928421 -0.8606818 0.2188037 0.8583471 -0.0657595 0.508838 2.38419e-7 0 0 0 1
0.9965208 0.08334572 7.63685e-8 2.38419e-7 -0.0833457 0.9965207 1.49012e-8 0.235057 3.35276e-8 -1.49012e-8 0.9999999 0 0 0 0 1 0.7066259 0.4985615 -0.5021117 2.38419e-7 -0.5608414 -0.03804096 -0.8270488 0.235057 -0.4314355 0.8660192 0.2527332 0 0 0 0 1 0.6362063 0.4536097 -0.6240832 2.38419e-7 -0.5339961 -0.3249429 -0.7805512 0.235057 -0.5568569 0.8298495 0.035495 0 0 0 0 1 0.625073 0.4420006 -0.6433655 2.38419e-7 -0.5253425 -0.3713953 -0.7655591 0.235057 -0.5773205 0.8165175 5.2467e-5 0 0 0 0 1 0.7292804 0.5038835 -0.4628734 2.38419e-7 -0.5605262 0.05202693 -0.8265008 0.235057 -0.3923781 0.8622034 0.3203819 0 0 0 0 1 0.7733727 0.5025038 -0.3865032 2.38419e-7 -0.5484121 0.2244577 -0.8055203 0.235057 -0.3180232 0.8349304 0.4491686 0 0 0 0 1 0.7356834 0.5046404 -0.4517832 2.38419e-7 -0.5597051 0.07730101 -0.8250787 0.235057 -0.3814446 0.859862 0.3393188 0 0 0 0 1 0.706211 0.4984246 -0.5028308 2.38419e-7 -0.5608101 -0.03969868 -0.8269922 0.235057 -0.4321549 0.8660237 0.2514858 0 0 0 0 1 0.6201175 0.4363683 -0.6519486 2.38419e-7 -0.5210337 -0.3921884 -0.7580977 0.235057 -0.5864965 0.8097969 -0.01584046 0 0 0 0 1 0.6296504 0.4469445 -0.6354377 2.38419e-7 -0.5290682 -0.3522542 -0.7720129 0.235057 -0.5688824 0.822288 0.01466715 0 0 0 0 1
0.9965206 -0.08334588 -1.19209e-7 -2.38419e-7 0.08334583 0.9965206 -7.45058e-8 0.2661216 2.98023e-8 5.21541e-8 1 -2.38419e-7 0 0 0 1 0.9777566 -0.08334589 0.1924715 -2.38419e-7 0.0817765 0.9965206 0.01609769 0.2661216 -0.1931435 4.47035e-8 0.9811705 -2.38419e-7 0 0 0 1 0.9863664 -0.08334589 0.1418967 -2.38419e-7 0.08249661 0.9965206 0.01186773 0.2661216 -0.1423922 4.47035e-8 0.9898103 -2.38419e-7 0 0 0 1 0.9747157 -0.08334589 0.2073225 -2.38419e-7 0.08152218 0.9965206 0.01733981 0.2661216 -0.2080465 4.47035e-8 0.978119 -2.38419e-7 0 0 0 1 0.9813577 -0.08334589 0.1731774 -2.38419e-7 0.0820777 0.9965206 0.01448399 0.2661216 -0.1737821 4.47035e-8 0.9847841 -2.38419e-7 0 0 0 1 0.9822616 -0.08334589 0.1679749 -2.38419e-7 0.08215325 0.9965206 0.01404889 0.2661216 -0.1685615 4.47035e-8 0.9856911 -2.38419e-7 0 0 0 1 0.9735118 -0.0833459 0.2129042 -2.38419e-7 0.08142145 0.9965206 0.0178066 0.2661216 -0.2136477 3.72529e-8 0.9769108 -2.38419e-7 0 0 0 1 0.9896932 -0.08334589 0.1164512 -2.38419e-7 0.08277482 0.9965206 0.009739622 0.2661216 -0.1168579 4.47035e-8 0.9931487 -2.38419e-7 0 0 0 1 0.9885552 -0.08334589 0.1257459 -2.38419e-7 0.08267963 0.9965206 0.01051697 0.2661216 -0.1261851 4.47035e-8 0.9920067 -2.38419e-7 0 0 0 1 0.9794471 -0.08334589 0.1836753 -2.38419e-7 0.08191787 0.9965206 0.01536201 0.2661216 -0.1843167 4.47035e-8 0.9828669 -2.38419e-7 0 0 0 1